48 32 1
1 3 1 2 21
2 3 2 6 21
3 3 6 5 21
4 3 5 1 21
5 3 2 3 22
6 3 3 7 22
7 3 7 6 22
8 3 6 2 22
9 3 3 4 23
10 3 4 8 23
11 3 8 7 23
12 3 7 3 23
13 3 5 6 24
14 3 6 10 24
15 3 10 9 24
16 3 9 5 24
17 3 6 7 25
18 3 7 11 25
19 3 11 10 25
20 3 10 6 25
21 3 7 8 26
22 3 8 12 26
23 3 12 11 26
24 3 11 7 26
25 3 9 10 27
26 3 10 14 27
27 3 14 13 27
28 3 13 9 27
29 3 10 11 28
30 3 11 15 28
31 3 15 14 28
32 3 14 10 28
33 3 11 12 29
34 3 12 16 29
35 3 16 15 29
36 3 15 11 29
37 3 13 14 30
38 3 14 18 30
39 3 18 17 30
40 3 17 13 30
41 3 14 15 31
42 3 15 19 31
43 3 19 18 31
44 3 18 14 31
45 3 15 16 32
46 3 16 20 32
47 3 20 19 32
48 3 19 15 32
1 0 0 0
2 3.33333 0 0
3 6.66667 0 0
4 10 0 0
5 0 2.5 0
6 2.75 1.91667 0.333333
7 5.5 1.33333 0.666667
8 8.25 0.75 1
9 0 5 0
10 2.16667 3.83333 0.666667
11 4.33333 2.66667 1.33333
12 6.5 1.5 2
13 0 7.5 0
14 1.58333 5.75 1
15 3.16667 4 2
16 4.75 2.25 3
17 0 10 0
18 1 7.66667 1.33333
19 2 5.33333 2.66667
20 3 3 4
21 1.52083 1.10417 0.0833333
22 4.5625 0.8125 0.25
23 7.60417 0.520833 0.416667
24 1.22917 3.3125 0.25
25 3.6875 2.4375 0.75
26 6.14583 1.5625 1.25
27 0.9375 5.52083 0.416667
28 2.8125 4.0625 1.25
29 4.6875 2.60417 2.08333
30 0.645833 7.72917 0.583333
31 1.9375 5.6875 1.75
32 3.22917 3.64583 2.91667
14
1
2
3
4
8
12
16
20
19
18
17
5
9
13
