36 25 1
1 3 1 2 17
2 3 2 6 17
3 3 6 5 17
4 3 5 1 17
5 3 2 3 18
6 3 3 7 18
7 3 7 6 18
8 3 6 2 18
9 3 3 4 19
10 3 4 8 19
11 3 8 7 19
12 3 7 3 19
13 3 5 6 20
14 3 6 10 20
15 3 10 9 20
16 3 9 5 20
17 3 6 7 21
18 3 7 11 21
19 3 11 10 21
20 3 10 6 21
21 3 7 8 22
22 3 8 12 22
23 3 12 11 22
24 3 11 7 22
25 3 9 10 23
26 3 10 14 23
27 3 14 13 23
28 3 13 9 23
29 3 10 11 24
30 3 11 15 24
31 3 15 14 24
32 3 14 10 24
33 3 11 12 25
34 3 12 16 25
35 3 16 15 25
36 3 15 11 25
1 1 0 0
2 1.66667 0 0
3 2.33333 0 0
4 3 0 0
5 0.666667 0.333333 -0.333333
6 1.27778 0.277778 -0.222222
7 1.88889 0.222222 -0.111111
8 2.5 0.166667 0
9 0.333333 0.666667 -0.666667
10 0.888889 0.555556 -0.444444
11 1.44444 0.444444 -0.222222
12 2 0.333333 0
13 5.55112e-17 1 -1
14 0.5 0.833333 -0.666667
15 1 0.666667 -0.333333
16 1.5 0.5 -5.55112e-17
17 1.15278 0.152778 -0.138889
18 1.79167 0.125 -0.0833333
19 2.43056 0.0972222 -0.0277778
20 0.791667 0.458333 -0.416667
21 1.375 0.375 -0.25
22 1.95833 0.291667 -0.0833333
23 0.430556 0.763889 -0.694444
24 0.958333 0.625 -0.416667
25 1.48611 0.486111 -0.138889
12
1
2
3
4
8
12
16
15
14
13
5
9
